Sonar (rechts) Messung
---------------------
infos: 	Abstand teppich<>wand = 0,5cm 
	Abstand Füße vorne Sonar = 4cm

Abstand: 2m
2,00999999046 2,54999995232 2,54999995232 2,54999995232 2,54999995232 2,54999995232 2,54999995232 2,54999995232 2,54999995232 2,54999995232
2,0 2,54999995232 2,54999995232 2,54999995232 2,54999995232 2,54999995232 2,54999995232 2,54999995232 2,54999995232 2,54999995232
2,0 2,54999995232 2,54999995232 2,54999995232 2,54999995232 2,54999995232 2,54999995232 2,54999995232 2,54999995232 2,54999995232
2,00999999046 2,54999995232 2,54999995232 2,54999995232 2,54999995232 2,54999995232 2,54999995232 2,54999995232 2,54999995232 2,54999995232
2,00999999046 2,54999995232 2,54999995232 2,54999995232 2,54999995232 2,54999995232 2,54999995232 2,54999995232 2,54999995232 2,54999995232
2,00999999046 2,54999995232 2,54999995232 2,54999995232 2,54999995232 2,54999995232 2,54999995232 2,54999995232 2,54999995232 2,54999995232
2,0 2,54999995232 2,54999995232 2,54999995232 2,54999995232 2,54999995232 2,54999995232 2,54999995232 2,54999995232 2,54999995232
2,0 2,54999995232 2,54999995232 2,54999995232 2,54999995232 2,54999995232 2,54999995232 2,54999995232 2,54999995232 2,54999995232
2,00999999046 2,54999995232 2,54999995232 2,54999995232 2,54999995232 2,54999995232 2,54999995232 2,54999995232 2,54999995232 2,54999995232
2,0 2,54999995232 2,54999995232 2,54999995232 2,54999995232 2,54999995232 2,54999995232 2,54999995232 2,54999995232 2,54999995232


Abstand: 1,5m
1,49000000954 2,54999995232 2,54999995232 2,54999995232 2,54999995232 2,54999995232 2,54999995232 2,54999995232 2,54999995232 2,54999995232
1,5 2,54999995232 2,54999995232 2,54999995232 2,54999995232 2,54999995232 2,54999995232 2,54999995232 2,54999995232 2,54999995232
1,5 2,54999995232 2,54999995232 2,54999995232 2,54999995232 2,54999995232 2,54999995232 2,54999995232 2,54999995232 2,54999995232
1,5 2,54999995232 2,54999995232 2,54999995232 2,54999995232 2,54999995232 2,54999995232 2,54999995232 2,54999995232 2,54999995232
1,5 2,54999995232 2,54999995232 2,54999995232 2,54999995232 2,54999995232 2,54999995232 2,54999995232 2,54999995232 2,54999995232
1,49000000954 2,54999995232 2,54999995232 2,54999995232 2,54999995232 2,54999995232 2,54999995232 2,54999995232 2,54999995232 2,54999995232
1,5 2,54999995232 2,54999995232 2,54999995232 2,54999995232 2,54999995232 2,54999995232 2,54999995232 2,54999995232 2,54999995232
1,49000000954 2,54999995232 2,54999995232 2,54999995232 2,54999995232 2,54999995232 2,54999995232 2,54999995232 2,54999995232 2,54999995232
1,49000000954 2,54999995232 2,54999995232 2,54999995232 2,54999995232 2,54999995232 2,54999995232 2,54999995232 2,54999995232 2,54999995232
1,49000000954 2,54999995232 2,54999995232 2,54999995232 2,54999995232 2,54999995232 2,54999995232 2,54999995232 2,54999995232 2,54999995232


Abstand: 1,0m
1,00999999046 2,00999999046 2,54999995232 2,54999995232 2,54999995232 2,54999995232 2,54999995232 2,54999995232 2,54999995232 2,54999995232
1,01999998093 2,00999999046 2,54999995232 2,54999995232 2,54999995232 2,54999995232 2,54999995232 2,54999995232 2,54999995232 2,54999995232
1,00999999046 2,0 2,54999995232 2,54999995232 2,54999995232 2,54999995232 2,54999995232 2,54999995232 2,54999995232 2,54999995232
1,00999999046 2,00999999046 2,54999995232 2,54999995232 2,54999995232 2,54999995232 2,54999995232 2,54999995232 2,54999995232 2,54999995232
1,00999999046 1,99000000954 2,54999995232 2,54999995232 2,54999995232 2,54999995232 2,54999995232 2,54999995232 2,54999995232 2,54999995232
1,00999999046 2,02999997139 2,21000003815 2,54999995232 2,54999995232 2,54999995232 2,54999995232 2,54999995232 2,54999995232 2,54999995232
1,00999999046 2,00999999046 2,54999995232 2,54999995232 2,54999995232 2,54999995232 2,54999995232 2,54999995232 2,54999995232 2,54999995232
1,00999999046 2,03999996185 2,54999995232 2,54999995232 2,54999995232 2,54999995232 2,54999995232 2,54999995232 2,54999995232 2,54999995232
1,00999999046 2,03999996185 2,54999995232 2,54999995232 2,54999995232 2,54999995232 2,54999995232 2,54999995232 2,54999995232 2,54999995232
1,00999999046 2,01999998093 2,54999995232 2,54999995232 2,54999995232 2,54999995232 2,54999995232 2,54999995232 2,54999995232 2,54999995232
1,01999998093 2,05999994278 2,54999995232 2,54999995232 2,54999995232 2,54999995232 2,54999995232 2,54999995232 2,54999995232 2,54999995232


Abstand: 0,9m
0,909999966621 1,84999990463 1,93999993801 2,33999991417 2,54999995232 2,54999995232 2,54999995232 2,54999995232 2,54999995232 2,54999995232
0,909999966621 1,82999992371 2,19000005722 2,54999995232 2,54999995232 2,54999995232 2,54999995232 2,54999995232 2,54999995232 2,54999995232
0,909999966621 1,86000001431 1,94999992847 2,09999990463 2,54999995232 2,54999995232 2,54999995232 2,54999995232 2,54999995232 2,54999995232
0,909999966621 1,80999994278 2,25999999046 2,54999995232 2,54999995232 2,54999995232 2,54999995232 2,54999995232 2,54999995232 2,54999995232
0,909999966621 1,79999995232 1,92999994755 2,54999995232 2,54999995232 2,54999995232 2,54999995232 2,54999995232 2,54999995232 2,54999995232
0,909999966621 1,84999990463 1,99000000954 2,14999985695 2,54999995232 2,54999995232 2,54999995232 2,54999995232 2,54999995232 2,54999995232
0,899999976158 1,84999990463 2,21000003815 2,07999992371 2,54999995232 2,54999995232 2,54999995232 2,54999995232 2,54999995232 2,54999995232
0,909999966621 1,84999990463 2,09999990463 2,54999995232 2,54999995232 2,54999995232 2,54999995232 2,54999995232 2,54999995232 2,54999995232
0,909999966621 1,84999990463 2,09999990463 2,22000002861 2,54999995232 2,54999995232 2,54999995232 2,54999995232 2,54999995232 2,54999995232
0,899999976158 1,86000001431 2,13999986649 2,54999995232 2,54999995232 2,54999995232 2,54999995232 2,54999995232 2,54999995232 2,54999995232


Abstand: 0,8m
0,819999992847 1,99000000954 2,09999990463 2,54999995232 2,54999995232 2,54999995232 2,54999995232 2,54999995232 2,54999995232 2,54999995232
0,810000002384 2,05999994278 2,54999995232 2,54999995232 2,25999999046 2,54999995232 2,54999995232 2,54999995232 2,54999995232 2,54999995232
0,810000002384 1,91999995708 2,54999995232 2,54999995232 2,54999995232 2,54999995232 2,54999995232 2,54999995232 2,54999995232 2,54999995232
0,810000002384 1,79999995232 2,20000004768 2,54999995232 2,54999995232 2,54999995232 2,54999995232 2,54999995232 2,54999995232 2,54999995232
0,810000002384 1,86000001431 2,54999995232 2,54999995232 2,54999995232 2,54999995232 2,54999995232 2,54999995232 2,54999995232 2,54999995232
0,810000002384 1,73000001907 1,84999990463 2,07999992371 2,54999995232 2,54999995232 2,54999995232 2,54999995232 2,54999995232 2,54999995232
0,810000002384 1,63999998569 2,07999992371 2,25999999046 2,54999995232 2,54999995232 2,54999995232 2,54999995232 2,54999995232 2,54999995232
0,819999992847 1,53999996185 1,73000001907 2,02999997139 2,26999998093 2,54999995232 2,54999995232 2,54999995232 2,54999995232 2,54999995232
0,810000002384 2,0 2,54999995232 2,54999995232 2,54999995232 2,54999995232 2,54999995232 2,54999995232 2,54999995232 2,54999995232
0,810000002384 1,63999998569 2,19000005722 2,54999995232 2,54999995232 2,54999995232 2,54999995232 2,54999995232 2,54999995232 2,54999995232


Abstand: 0,7m
0,719999969006 1,53999996185 1,67999994755 1,84999990463 2,03999996185 2,54999995232 2,54999995232 2,54999995232 2,54999995232 2,54999995232
0,719999969006 1,54999995232 1,67999994755 1,86000001431 2,07999992371 2,54999995232 2,54999995232 2,54999995232 2,54999995232 2,54999995232
0,719999969006 1,54999995232 1,68999993801 1,83999991417 2,19000005722 2,54999995232 2,54999995232 2,54999995232 2,54999995232 2,54999995232
0,719999969006 1,54999995232 1,68999993801 1,88999998569 2,06999993324 2,54999995232 2,54999995232 2,54999995232 2,54999995232 2,54999995232
0,719999969006 1,55999994278 1,68999993801 2,07999992371 2,54999995232 2,54999995232 2,54999995232 2,54999995232 2,54999995232 2,54999995232
0,719999969006 1,54999995232 1,91999995708 2,02999997139 2,21000003815 2,54999995232 2,54999995232 2,54999995232 2,54999995232 2,54999995232
0,719999969006 1,54999995232 1,69999992847 2,05999994278 2,05999994278 2,54999995232 2,54999995232 2,54999995232 2,54999995232 2,54999995232
0,719999969006 1,54999995232 1,83999991417 2,54999995232 2,54999995232 2,54999995232 2,54999995232 2,54999995232 2,54999995232 2,54999995232
0,719999969006 1,54999995232 1,87000000477 2,15999984741 2,54999995232 2,54999995232 2,54999995232 2,54999995232 2,54999995232 2,54999995232
0,719999969006 1,54999995232 1,87999999523 1,97999989986 2,54999995232 2,54999995232 2,54999995232 2,54999995232 2,54999995232 2,54999995232


Abstand: 0,6m
0,629999995232 1,26999998093 1,55999994278 1,67999994755 2,25 2,54999995232 2,54999995232 2,54999995232 2,54999995232 2,54999995232
0,620000004768 1,29999995232 2,54999995232 2,54999995232 1,99000000954 2,54999995232 2,54999995232 2,54999995232 2,54999995232 2,54999995232
0,629999995232 1,29999995232 2,54999995232 2,54999995232 2,54999995232 2,54999995232 2,54999995232 2,54999995232 2,54999995232 2,54999995232
0,620000004768 1,29999995232 2,54999995232 2,54999995232 2,54999995232 2,54999995232 2,54999995232 2,54999995232 2,54999995232 2,54999995232
0,629999995232 1,30999994278 2,54999995232 2,54999995232 2,25999999046 2,54999995232 2,54999995232 2,54999995232 2,54999995232 2,54999995232
0,629999995232 1,26999998093 1,62999999523 2,54999995232 2,54999995232 2,54999995232 2,54999995232 2,54999995232 2,54999995232 2,54999995232
0,629999995232 1,27999997139 1,64999997616 2,54999995232 2,54999995232 2,54999995232 2,54999995232 2,54999995232 2,54999995232 2,54999995232
0,629999995232 1,29999995232 1,87999999523 1,87000000477 2,04999995232 2,22000002861 2,54999995232 2,54999995232 2,54999995232 2,54999995232
0,620000004768 1,30999994278 2,54999995232 1,92999994755 2,54999995232 2,54999995232 2,54999995232 2,54999995232 2,54999995232 2,54999995232
0,629999995232 1,26999998093 1,55999994278 1,87999999523 2,21000003815 2,19000005722 2,54999995232 2,54999995232 2,54999995232 2,54999995232


Abstand: 0,5m
0,52999997139 1,14999997616 1,64999997616 1,86000001431 2,11999988556 2,54999995232 2,54999995232 2,54999995232 2,54999995232 2,54999995232
0,52999997139 1,15999996662 1,52999997139 2,02999997139 2,24000000954 2,54999995232 2,54999995232 2,54999995232 2,54999995232 2,54999995232
0,52999997139 1,15999996662 1,53999996185 2,22000002861 2,54999995232 2,54999995232 2,54999995232 2,54999995232 2,54999995232 2,54999995232
0,52999997139 1,14999997616 1,55999994278 1,76999998093 2,19000005722 2,54999995232 2,54999995232 2,54999995232 2,54999995232 2,54999995232
0,52999997139 1,53999996185 2,09999990463 2,19000005722 2,21000003815 2,54999995232 2,54999995232 2,54999995232 2,54999995232 2,54999995232
0,52999997139 1,14999997616 1,62999999523 1,87000000477 2,19000005722 2,54999995232 2,54999995232 2,54999995232 2,54999995232 2,54999995232
0,52999997139 1,14999997616 1,76999998093 1,88999998569 2,23000001907 2,54999995232 2,54999995232 2,54999995232 2,54999995232 2,54999995232
0,52999997139 1,15999996662 1,53999996185 2,54999995232 2,54999995232 2,54999995232 2,54999995232 2,54999995232 2,54999995232 2,54999995232
0,52999997139 1,66999995708 1,86000001431 1,87000000477 2,02999997139 2,54999995232 2,54999995232 2,54999995232 2,54999995232 2,54999995232
0,52999997139 1,13999998569 1,63999998569 1,74000000954 2,1099998951 2,27999997139 2,54999995232 2,54999995232 2,54999995232 2,54999995232


Abstand: 0,4m
0,439999997616 0,870000004768 1,4699999094 1,44999992847 2,02999997139 2,54999995232 2,54999995232 2,27999997139 2,54999995232 2,54999995232
0,42999997735 0,870000004768 0,959999978542 2,06999993324 2,54999995232 2,09999990463 2,54999995232 2,54999995232 2,54999995232 2,54999995232
0,42999997735 0,870000004768 1,76999998093 1,77999997139 2,18000006676 2,54999995232 2,54999995232 2,54999995232 2,54999995232 2,54999995232
0,42999997735 0,870000004768 2,54999995232 2,54999995232 2,15999984741 2,54999995232 2,54999995232 2,54999995232 2,54999995232 2,54999995232
0,439999997616 0,870000004768 1,5 1,64999997616 1,81999993324 2,54999995232 2,54999995232 2,54999995232 2,54999995232 2,54999995232
0,439999997616 0,870000004768 1,64999997616 2,54999995232 2,54999995232 2,54999995232 2,54999995232 2,54999995232 2,54999995232 2,54999995232
0,42999997735 0,870000004768 1,54999995232 1,73000001907 1,9699999094 2,25 2,54999995232 2,54999995232 2,54999995232 2,54999995232
0,439999997616 0,870000004768 1,63999998569 2,19000005722 2,54999995232 2,19000005722 2,54999995232 2,54999995232 2,54999995232 2,54999995232
0,42999997735 0,870000004768 1,52999997139 1,7199999094 1,83999991417 2,11999988556 2,54999995232 2,54999995232 2,54999995232 2,54999995232
0,439999997616 0,879999995232 1,53999996185 1,65999996662 1,83999991417 2,25999999046 2,54999995232 2,54999995232 2,54999995232 2,54999995232


Abstand: 0,3m
0,340000003576 2,54999995232 1,06999993324 2,25 2,14999985695 2,26999998093 2,54999995232 2,54999995232 2,54999995232 2,54999995232
0,329999983311 0,740000009537 1,06999993324 2,13999986649 2,28999996185 2,54999995232 2,54999995232 2,54999995232 2,54999995232 2,54999995232
0,329999983311 0,759999990463 1,04999995232 2,11999988556 2,25 2,54999995232 2,54999995232 2,54999995232 2,54999995232 2,54999995232
0,329999983311 0,759999990463 1,06999993324 2,08999991417 1,59999990463 2,0 2,11999988556 2,54999995232 2,54999995232 2,54999995232
0,329999983311 0,759999990463 1,05999994278 1,38999998569 2,11999988556 2,54999995232 2,54999995232 2,54999995232 2,54999995232 2,54999995232
0,329999983311 0,680000007153 1,05999994278 1,36000001431 2,22000002861 1,9699999094 2,15999984741 2,28999996185 2,54999995232 2,54999995232
0,329999983311 0,759999990463 1,06999993324 1,57999992371 2,08999991417 2,08999991417 2,54999995232 2,54999995232 2,54999995232 2,54999995232
0,329999983311 0,759999990463 1,06999993324 1,38999998569 1,77999997139 2,54999995232 2,54999995232 2,54999995232 2,54999995232 2,54999995232
0,340000003576 0,759999990463 1,05999994278 1,37999999523 2,14999985695 2,54999995232 2,54999995232 2,54999995232 2,54999995232 2,54999995232
0,340000003576 0,759999990463 1,05999994278 1,52999997139 1,90999996662 2,03999996185 2,54999995232 2,54999995232 2,54999995232 2,54999995232


Abstand: 0,2m
0,25 0,469999998808 0,75 1,40999996662 2,13999986649 1,53999996185 2,23000001907 2,54999995232 2,54999995232 2,54999995232
0,25 0,469999998808 0,740000009537 1,53999996185 2,25 2,54999995232 2,54999995232 2,54999995232 2,54999995232 2,54999995232
0,239999994636 0,469999998808 0,740000009537 1,38999998569 1,52999997139 2,23000001907 2,54999995232 2,54999995232 2,54999995232 2,54999995232
0,239999994636 0,459999978542 0,740000009537 2,54999995232 2,54999995232 2,54999995232 2,54999995232 2,54999995232 2,54999995232 2,54999995232
0,239999994636 0,469999998808 0,740000009537 2,16999983788 2,54999995232 2,54999995232 2,54999995232 2,54999995232 2,54999995232 2,54999995232
0,239999994636 0,469999998808 0,740000009537 2,1099998951 1,52999997139 2,54999995232 2,54999995232 2,54999995232 2,54999995232 2,54999995232
0,239999994636 0,459999978542 0,75 2,08999991417 2,54999995232 2,54999995232 2,54999995232 2,54999995232 2,54999995232 2,54999995232
0,239999994636 0,469999998808 0,75 1,33999991417 1,52999997139 2,54999995232 2,54999995232 2,54999995232 2,54999995232 2,54999995232
0,239999994636 0,469999998808 0,740000009537 1,35000002384 1,50999999046 2,54999995232 2,54999995232 2,54999995232 2,54999995232 2,54999995232
0,239999994636 0,469999998808 0,75 1,35000002384 1,37000000477 2,25999999046 2,54999995232 2,54999995232 2,54999995232 2,54999995232


Abstand: 0,1m
0,289999991655 2,54999995232 1,04999995232 2,02999997139 2,25 2,54999995232 2,54999995232 2,54999995232 2,54999995232 2,54999995232
0,289999991655 0,5 1,04999995232 1,28999996185 1,29999995232 2,18000006676 2,54999995232 2,54999995232 2,54999995232 2,54999995232
0,299999982119 0,5 0,740000009537 1,04999995232 2,12999987602 2,54999995232 2,54999995232 2,54999995232 2,54999995232 2,54999995232
0,289999991655 0,5 0,729999959469 1,05999994278 1,95999991894 2,11999988556 2,20000004768 2,54999995232 2,54999995232 2,54999995232
0,299999982119 0,5 0,75 2,07999992371 2,21000003815 2,54999995232 2,54999995232 2,54999995232 2,54999995232 2,54999995232
0,289999991655 0,5 0,729999959469 2,06999993324 2,22000002861 2,54999995232 2,54999995232 2,54999995232 2,54999995232 2,54999995232
0,299999982119 0,5 0,729999959469 1,04999995232 2,09999990463 2,54999995232 2,54999995232 2,54999995232 2,54999995232 2,54999995232
0,299999982119 0,509999990463 1,41999995708 2,54999995232 2,54999995232 2,54999995232 2,54999995232 2,54999995232 2,54999995232 2,54999995232
0,299999982119 0,509999990463 1,05999994278 1,32999992371 1,51999998093 2,54999995232 2,54999995232 2,54999995232 2,54999995232 2,54999995232
0,289999991655 0,5 0,729999959469 2,22000002861 2,54999995232 2,54999995232 2,54999995232 2,42999982834 2,54999995232 2,54999995232


Abstand: 0,05m
0,229999989271 0,649999976158 1,86000001431 2,54999995232 2,54999995232 2,04999995232 2,54999995232 2,54999995232 2,54999995232 2,54999995232
0,239999994636 1,28999996185 1,50999999046 2,01999998093 2,54999995232 2,54999995232 2,54999995232 2,54999995232 2,54999995232 2,54999995232
0,280000001192 1,02999997139 1,25999999046 2,54999995232 2,54999995232 2,54999995232 2,54999995232 2,54999995232 2,54999995232 2,54999995232
0,25 0,489999979734 1,64999997616 2,54999995232 2,54999995232 2,54999995232 2,54999995232 2,54999995232 2,54999995232 2,54999995232
0,25 1,18999993801 1,32999992371 1,76999998093 2,06999993324 2,54999995232 2,54999995232 2,54999995232 2,54999995232 2,54999995232
0,239999994636 1,29999995232 1,15999996662 2,22000002861 2,54999995232 2,54999995232 2,54999995232 2,54999995232 2,54999995232 2,54999995232
0,25 0,5 1,91999995708 2,54999995232 2,54999995232 2,54999995232 2,54999995232 2,54999995232 2,54999995232 2,54999995232
0,319999992847 1,19999992847 1,30999994278 1,81999993324 2,54999995232 2,54999995232 2,54999995232 2,54999995232 2,54999995232 2,54999995232
0,239999994636 0,719999969006 1,66999995708 2,54999995232 2,54999995232 2,54999995232 2,54999995232 2,54999995232 2,54999995232 2,54999995232
0,310000002384 0,509999990463 1,11000001431 1,26999998093 2,27999997139 2,54999995232 2,54999995232 2,54999995232 2,54999995232 2,54999995232
