Sonar (links) Messung
---------------------
infos: 	Abstand teppich<>wand = 0,5cm 
	Abstand Füße vorne Sonar = 4cm

Abstand: 2m
1,20999991894 1,4699999094 1,99000000954 2,25999999046 2,54999995232 2,54999995232 2,54999995232 2,54999995232 2,54999995232 2,54999995232
1,19999992847 1,4699999094 1,97999989986 2,21000003815 2,54999995232 2,54999995232 2,54999995232 2,54999995232 2,54999995232 2,54999995232
1,23000001907 1,45999991894 2,0 2,54999995232 2,54999995232 2,54999995232 2,54999995232 2,54999995232 2,54999995232 2,54999995232
1,20999991894 1,4699999094 2,0 2,54999995232 2,54999995232 2,54999995232 2,54999995232 2,54999995232 2,54999995232 2,54999995232
1,12999999523 1,4699999094 2,0 2,54999995232 2,54999995232 2,54999995232 2,54999995232 2,54999995232 2,54999995232 2,54999995232
1,19999992847 1,4699999094 1,99000000954 2,22000002861 2,54999995232 2,54999995232 2,54999995232 2,54999995232 2,54999995232 2,54999995232
1,20999991894 1,4699999094 2,0 2,54999995232 2,54999995232 2,54999995232 2,54999995232 2,54999995232 2,54999995232 2,54999995232
1,22000002861 1,4699999094 2,0 2,18000006676 2,54999995232 2,54999995232 2,54999995232 2,54999995232 2,54999995232 2,54999995232
1,19999992847 1,45999991894 1,99000000954 2,54999995232 2,54999995232 2,54999995232 2,54999995232 2,54999995232 2,54999995232 2,54999995232
1,20999991894 1,4699999094 2,0 2,54999995232 2,54999995232 2,54999995232 2,54999995232 2,54999995232 2,54999995232 2,54999995232


Abstand: 1,5m
1,12000000477 1,5 1,87999999523 2,20000004768 2,54999995232 2,54999995232 2,54999995232 2,54999995232 2,54999995232 2,54999995232
1,5 1,87999999523 2,07999992371 2,54999995232 2,54999995232 2,54999995232 2,54999995232 2,54999995232 2,54999995232 2,54999995232
1,11000001431 1,49000000954 1,87999999523 2,14999985695 2,54999995232 2,54999995232 2,54999995232 2,54999995232 2,54999995232 2,54999995232
1,11000001431 1,49000000954 1,87999999523 2,00999999046 2,54999995232 2,54999995232 2,54999995232 2,54999995232 2,54999995232 2,54999995232
1,5 2,00999999046 2,54999995232 2,54999995232 2,54999995232 2,54999995232 2,54999995232 2,54999995232 2,54999995232 2,54999995232
1,49000000954 1,88999998569 2,14999985695 2,20000004768 2,54999995232 2,54999995232 2,54999995232 2,54999995232 2,54999995232 2,54999995232
1,5 1,88999998569 2,19000005722 2,54999995232 2,54999995232 2,54999995232 2,54999995232 2,54999995232 2,54999995232 2,54999995232
1,49000000954 1,87000000477 2,0 2,08999991417 2,54999995232 2,54999995232 2,54999995232 2,54999995232 2,54999995232 2,54999995232
1,11000001431 1,5 1,95999991894 2,04999995232 2,54999995232 2,54999995232 2,54999995232 2,54999995232 2,54999995232 2,54999995232
1,12000000477 1,49000000954 1,87999999523 2,14999985695 2,54999995232 2,54999995232 2,54999995232 2,54999995232 2,54999995232 2,54999995232


Abstand: 1,0m
1,01999998093 1,70999991894 1,56999993324 1,70999991894 2,54999995232 2,54999995232 2,54999995232 2,54999995232 2,54999995232 2,54999995232
0,979999959469 1,51999998093 2,54999995232 1,74000000954 1,86000001431 2,02999997139 2,54999995232 2,54999995232 2,54999995232 2,54999995232
1,00999999046 1,74000000954 2,54999995232 2,54999995232 1,86000001431 2,03999996185 2,54999995232 2,54999995232 2,54999995232 2,54999995232
1,00999999046 1,32999992371 1,51999998093 1,86000001431 2,02999997139 2,54999995232 2,54999995232 2,54999995232 2,54999995232 2,54999995232
0,969999969006 1,35000002384 1,50999999046 2,54999995232 2,54999995232 2,54999995232 2,54999995232 2,54999995232 2,54999995232 2,54999995232
0,989999949932 1,65999996662 2,54999995232 2,54999995232 2,03999996185 2,54999995232 2,54999995232 2,54999995232 2,54999995232 2,54999995232
0,969999969006 1,56999993324 2,54999995232 2,0 2,54999995232 2,54999995232 2,54999995232 2,54999995232 2,54999995232 2,54999995232
0,979999959469 1,62999999523 2,16999983788 1,68999993801 2,54999995232 2,54999995232 2,54999995232 2,54999995232 2,54999995232 2,54999995232
0,969999969006 1,58999991417 1,70999991894 1,78999996185 2,54999995232 2,54999995232 2,54999995232 2,54999995232 2,54999995232 2,54999995232
0,989999949932 1,65999996662 2,24000000954 2,54999995232 2,54999995232 1,89999997616 2,54999995232 2,54999995232 2,54999995232 2,54999995232


Abstand: 0,9m
0,909999966621 1,83999991417 2,0 2,07999992371 2,16999983788 2,54999995232 2,54999995232 2,54999995232 2,54999995232 2,54999995232
0,909999966621 1,84999990463 2,06999993324 2,22000002861 2,54999995232 2,54999995232 2,54999995232 2,54999995232 2,54999995232 2,54999995232
0,919999957085 1,83999991417 2,04999995232 2,54999995232 2,54999995232 2,54999995232 2,54999995232 2,54999995232 2,54999995232 2,54999995232
0,909999966621 1,84999990463 2,01999998093 2,54999995232 2,54999995232 2,54999995232 2,54999995232 2,54999995232 2,54999995232 2,54999995232
0,909999966621 1,84999990463 2,04999995232 2,21000003815 2,54999995232 2,54999995232 2,54999995232 2,54999995232 2,54999995232 2,54999995232
0,909999966621 1,75999999046 1,84999990463 2,12999987602 2,54999995232 2,54999995232 2,54999995232 2,54999995232 2,54999995232 2,54999995232
0,909999966621 1,73000001907 1,86000001431 2,54999995232 2,54999995232 2,54999995232 2,54999995232 2,54999995232 2,54999995232 2,54999995232
0,919999957085 1,84999990463 2,02999997139 2,54999995232 2,54999995232 2,54999995232 2,54999995232 2,54999995232 2,54999995232 2,54999995232
0,909999966621 1,64999997616 1,75 2,54999995232 2,54999995232 2,54999995232 2,54999995232 2,54999995232 2,54999995232 2,54999995232
0,919999957085 1,77999997139 2,11999988556 2,54999995232 2,54999995232 2,54999995232 2,54999995232 2,54999995232 2,54999995232 2,54999995232

Abstand: 0,8m
0,810000002384 1,45999991894 2,54999995232 1,37999999523 1,80999994278 2,54999995232 2,54999995232 2,54999995232 2,54999995232 2,54999995232
0,810000002384 1,45999991894 1,56999993324 2,54999995232 2,54999995232 2,54999995232 2,54999995232 2,54999995232 2,54999995232 2,54999995232
0,810000002384 1,03999996185 1,70999991894 2,54999995232 2,54999995232 2,54999995232 2,54999995232 2,54999995232 2,54999995232 2,54999995232
0,819999992847 1,58999991417 1,89999997616 2,54999995232 2,54999995232 2,54999995232 2,54999995232 2,54999995232 2,54999995232 2,54999995232
0,810000002384 1,31999993324 2,44000005722 2,54999995232 2,54999995232 2,54999995232 2,54999995232 2,54999995232 2,54999995232 2,54999995232
0,819999992847 1,25999999046 2,3599998951 2,54999995232 2,54999995232 2,54999995232 2,54999995232 2,54999995232 2,54999995232 2,54999995232
0,810000002384 1,27999997139 1,37000000477 1,45999991894 1,64999997616 2,54999995232 2,54999995232 2,54999995232 2,54999995232 2,54999995232
0,819999992847 1,27999997139 2,54999995232 2,54999995232 2,54999995232 2,54999995232 2,54999995232 2,54999995232 2,54999995232 2,54999995232
0,810000002384 1,23000001907 1,89999997616 1,33999991417 2,44000005722 2,54999995232 2,54999995232 2,54999995232 2,54999995232 2,54999995232
0,819999992847 1,50999999046 1,58999991417 1,7199999094 1,88999998569 2,54999995232 2,54999995232 2,54999995232 2,54999995232 2,54999995232


Abstand: 0,7m
0,719999969006 1,41999995708 1,78999996185 2,05999994278 2,54999995232 2,54999995232 2,54999995232 2,54999995232 2,54999995232 2,54999995232
0,729999959469 1,43999993801 1,58999991417 2,07999992371 2,54999995232 2,54999995232 2,54999995232 2,54999995232 2,54999995232 2,54999995232
0,719999969006 1,40999996662 1,62999999523 1,77999997139 1,94999992847 2,54999995232 2,54999995232 2,54999995232 2,54999995232 2,54999995232
0,729999959469 1,41999995708 1,77999997139 1,93999993801 2,54999995232 2,54999995232 2,54999995232 2,54999995232 2,54999995232 2,54999995232
0,719999969006 1,44999992847 1,54999995232 1,7199999094 2,54999995232 2,54999995232 2,54999995232 2,54999995232 2,54999995232 2,54999995232
0,719999969006 1,38999998569 1,61000001431 1,76999998093 2,54999995232 2,54999995232 2,54999995232 2,54999995232 2,54999995232 2,54999995232
0,719999969006 1,43999993801 1,67999994755 1,78999996185 1,90999996662 2,54999995232 2,54999995232 2,54999995232 2,54999995232 2,54999995232
0,719999969006 1,41999995708 2,18000006676 2,50999999046 1,84999990463 2,18000006676 2,46000003815 2,54999995232 2,54999995232 2,54999995232
0,719999969006 1,44999992847 1,78999996185 1,80999994278 2,07999992371 2,54999995232 2,54999995232 2,54999995232 2,54999995232 2,54999995232
0,719999969006 1,42999994755 1,77999997139 2,54999995232 2,54999995232 2,3599998951 2,54999995232 2,54999995232 2,54999995232 2,54999995232


Abstand: 0,6m
0,629999995232 1,24000000954 1,75999999046 2,06999993324 2,06999993324 2,54999995232 2,54999995232 2,54999995232 2,54999995232 2,54999995232
0,629999995232 1,25 1,75999999046 2,07999992371 2,54999995232 2,54999995232 2,54999995232 2,54999995232 2,54999995232 2,54999995232
0,629999995232 1,25999999046 1,75 1,91999995708 2,22000002861 2,54999995232 2,54999995232 2,54999995232 2,54999995232 2,54999995232
0,629999995232 1,24000000954 1,57999992371 1,74000000954 2,06999993324 2,07999992371 2,54999995232 2,54999995232 2,54999995232 2,54999995232
0,620000004768 1,26999998093 1,75999999046 2,08999991417 2,24000000954 2,54999995232 2,54999995232 2,54999995232 2,54999995232 2,54999995232
0,629999995232 1,29999995232 2,54999995232 2,54999995232 2,54999995232 2,54999995232 2,54999995232 2,54999995232 2,54999995232 2,54999995232
0,629999995232 1,24000000954 1,74000000954 2,02999997139 2,54999995232 2,54999995232 2,54999995232 2,54999995232 2,54999995232 2,54999995232
0,620000004768 1,23000001907 2,54999995232 2,54999995232 2,54999995232 2,54999995232 2,54999995232 2,54999995232 2,54999995232 2,54999995232
0,620000004768 1,25999999046 1,74000000954 2,54999995232 2,07999992371 2,54999995232 2,54999995232 2,54999995232 2,54999995232 2,54999995232
0,629999995232 1,26999998093 1,74000000954 1,86000001431 2,05999994278 2,54999995232 2,54999995232 2,54999995232 2,54999995232 2,54999995232


Abstand: 0,5m
0,52999997139 1,03999996185 1,12000000477 1,76999998093 1,87999999523 2,54999995232 2,54999995232 2,54999995232 2,54999995232 2,54999995232
0,52999997139 1,03999996185 1,67999994755 1,82999992371 2,18000006676 2,54999995232 2,54999995232 2,54999995232 2,54999995232 2,54999995232
0,519999980927 1,03999996185 1,12000000477 1,77999997139 2,06999993324 2,54999995232 2,54999995232 2,54999995232 2,54999995232 2,54999995232
0,519999980927 1,02999997139 1,11000001431 1,70999991894 1,78999996185 2,12999987602 2,54999995232 2,54999995232 2,54999995232 2,54999995232
0,519999980927 1,02999997139 1,61000001431 1,9699999094 2,29999995232 1,9699999094 2,13999986649 2,54999995232 2,54999995232 2,54999995232
0,52999997139 1,02999997139 1,64999997616 1,77999997139 1,90999996662 2,54999995232 2,54999995232 2,54999995232 2,54999995232 2,54999995232
0,52999997139 1,02999997139 1,65999996662 1,77999997139 1,92999994755 2,14999985695 2,54999995232 2,54999995232 2,54999995232 2,54999995232
0,519999980927 1,03999996185 1,12000000477 1,78999996185 1,90999996662 2,13999986649 2,54999995232 2,54999995232 2,54999995232 2,54999995232
0,52999997139 1,02999997139 1,66999995708 1,97999989986 2,16999983788 2,54999995232 2,54999995232 2,54999995232 2,54999995232 2,54999995232
0,519999980927 1,02999997139 1,61000001431 1,78999996185 1,88999998569 2,54999995232 2,54999995232 2,54999995232 2,54999995232 2,54999995232


Abstand: 0,4m
0,42999997735 0,8599999547 1,66999995708 1,51999998093 1,78999996185 2,09999990463 2,54999995232 2,54999995232 2,54999995232 2,54999995232
0,42999997735 0,870000004768 1,36000001431 1,49000000954 1,62000000477 2,54999995232 2,54999995232 2,54999995232 2,54999995232 2,54999995232
0,42999997735 0,8599999547 1,57999992371 1,83999991417 2,54999995232 2,54999995232 2,54999995232 2,54999995232 2,54999995232 2,54999995232
0,42999997735 0,849999964237 2,51999998093 2,54999995232 1,70999991894 1,87999999523 2,54999995232 2,54999995232 2,54999995232 2,54999995232
0,42999997735 0,839999973774 1,5 1,73000001907 2,54999995232 2,54999995232 2,54999995232 2,54999995232 2,54999995232 2,54999995232
0,439999997616 0,879999995232 1,42999994755 1,57999992371 1,7199999094 2,54999995232 2,54999995232 2,54999995232 2,54999995232 2,54999995232
0,42999997735 0,849999964237 1,51999998093 1,67999994755 2,54999995232 2,54999995232 2,54999995232 2,54999995232 2,54999995232 2,54999995232
0,439999997616 0,870000004768 1,06999993324 1,81999993324 2,54999995232 2,54999995232 2,54999995232 2,54999995232 2,54999995232 2,54999995232
0,42999997735 0,879999995232 1,52999997139 1,79999995232 2,54999995232 2,54999995232 2,54999995232 2,54999995232 2,54999995232 2,54999995232
0,42999997735 0,870000004768 1,59999990463 2,54999995232 2,54999995232 2,54999995232 2,54999995232 2,54999995232 2,54999995232 2,54999995232


Abstand: 0,3m
0,329999983311 0,769999980927 1,15999996662 1,5 1,51999998093 2,54999995232 2,54999995232 2,54999995232 2,54999995232 2,54999995232
0,340000003576 0,699999988079 1,14999997616 1,50999999046 2,54999995232 2,54999995232 2,54999995232 2,54999995232 2,54999995232 2,54999995232
0,329999983311 0,699999988079 1,36000001431 1,88999998569 2,54999995232 2,54999995232 2,54999995232 2,54999995232 2,54999995232 2,54999995232
0,329999983311 0,699999988079 1,48000001907 1,35000002384 2,15999984741 2,54999995232 2,54999995232 2,54999995232 2,54999995232 2,54999995232
0,340000003576 0,759999990463 1,27999997139 1,75 2,54999995232 2,51999998093 2,54999995232 2,54999995232 2,54999995232 2,54999995232
0,340000003576 0,77999997139 1,30999994278 1,29999995232 2,44000005722 2,54999995232 2,54999995232 2,54999995232 2,54999995232 2,54999995232
0,340000003576 0,689999997616 1,31999993324 2,06999993324 2,15999984741 2,54999995232 2,54999995232 2,54999995232 2,54999995232 2,54999995232
0,340000003576 0,709999978542 1,42999994755 1,50999999046 2,54999995232 2,54999995232 2,34999990463 2,54999995232 2,54999995232 2,54999995232
0,340000003576 0,689999997616 1,29999995232 1,54999995232 2,54999995232 2,54999995232 2,54999995232 2,54999995232 2,54999995232 2,54999995232
0,340000003576 0,689999997616 1,15999996662 2,32999992371 2,54999995232 2,54999995232 2,54999995232 2,54999995232 2,54999995232 2,54999995232


Abstand: 0,2m
0,239999994636 0,449999988079 1,50999999046 1,62000000477 1,78999996185 1,51999998093 2,54999995232 2,54999995232 2,54999995232 2,54999995232
0,239999994636 0,439999997616 1,62999999523 1,80999994278 2,04999995232 2,54999995232 1,77999997139 1,94999992847 2,54999995232 2,54999995232
0,25 0,439999997616 0,789999961853 1,51999998093 1,66999995708 1,82999992371 2,07999992371 2,54999995232 2,54999995232 2,54999995232
0,25 0,449999988079 0,799999952316 1,35000002384 1,44999992847 1,65999996662 1,81999993324 2,03999996185 2,54999995232 2,54999995232
0,25 0,459999978542 0,77999997139 1,37000000477 1,52999997139 2,13999986649 2,54999995232 2,54999995232 2,54999995232 2,54999995232
0,239999994636 0,449999988079 0,799999952316 1,18999993801 1,58999991417 1,7199999094 2,54999995232 2,54999995232 2,37999987602 2,54999995232
0,239999994636 0,439999997616 0,77999997139 1,40999996662 2,11999988556 2,54999995232 2,54999995232 2,54999995232 2,54999995232 2,54999995232
0,239999994636 0,439999997616 1,12000000477 1,66999995708 1,81999993324 2,54999995232 2,54999995232 2,54999995232 2,1099998951 2,54999995232
0,25 0,449999988079 0,789999961853 1,18999993801 1,43999993801 1,55999994278 1,66999995708 2,12999987602 2,54999995232 2,54999995232
0,25 0,449999988079 0,77999997139 1,15999996662 1,57999992371 1,75 2,54999995232 2,54999995232 2,54999995232 2,54999995232


Abstand: 0,1m
0,239999994636 0,509999990463 1,69999992847 1,91999995708 2,08999991417 2,11999988556 2,54999995232 2,54999995232 2,54999995232 2,54999995232
0,239999994636 0,5 1,48000001907 1,70999991894 2,03999996185 2,12999987602 2,54999995232 2,54999995232 2,54999995232 2,54999995232
0,25 0,5 1,7199999094 1,97999989986 2,54999995232 2,54999995232 2,54999995232 2,54999995232 2,54999995232 2,54999995232
0,239999994636 0,5 1,5 1,63999998569 2,54999995232 2,54999995232 2,54999995232 2,54999995232 2,54999995232 2,54999995232
0,25 0,509999990463 1,70999991894 1,39999997616 1,7199999094 2,04999995232 2,12999987602 2,54999995232 2,54999995232 2,54999995232
0,25 0,5 1,69999992847 1,82999992371 2,28999996185 2,54999995232 2,54999995232 2,54999995232 2,54999995232 2,54999995232
0,239999994636 0,509999990463 1,70999991894 1,93999993801 2,54999995232 2,04999995232 2,54999995232 2,54999995232 2,54999995232 2,54999995232
0,239999994636 0,5 1,7199999094 1,80999994278 1,99000000954 2,54999995232 2,54999995232 2,54999995232 2,54999995232 2,54999995232
0,34999999404 0,560000002384 1,65999996662 2,00999999046 2,24000000954 2,54999995232 2,54999995232 2,54999995232 2,54999995232 2,54999995232
0,239999994636 0,5 1,53999996185 1,73000001907 1,9699999094 2,54999995232 2,54999995232 2,54999995232 2,54999995232 2,54999995232


Abstand: 0,05m
0,289999991655 1,65999996662 2,54999995232 2,54999995232 2,54999995232 2,54999995232 2,54999995232 2,54999995232 2,54999995232 2,54999995232
0,34999999404 0,620000004768 1,63999998569 1,90999996662 2,54999995232 2,54999995232 2,54999995232 2,54999995232 2,54999995232 2,54999995232
0,340000003576 1,11000001431 1,95999991894 2,54999995232 2,54999995232 2,54999995232 2,54999995232 2,54999995232 2,54999995232 2,54999995232
0,259999990463 0,409999996424 2,3599998951 2,54999995232 2,54999995232 2,54999995232 2,54999995232 2,54999995232 2,54999995232 2,54999995232
0,340000003576 0,409999996424 1,23000001907 2,39999985695 2,54999995232 1,80999994278 2,54999995232 2,54999995232 2,54999995232 2,54999995232
0,389999985695 1,03999996185 1,75 1,87999999523 2,54999995232 2,54999995232 2,54999995232 2,54999995232 2,54999995232 2,54999995232
0,389999985695 2,36999988556 2,54999995232 2,54999995232 2,54999995232 2,54999995232 2,54999995232 2,54999995232 2,54999995232 2,54999995232
0,550000011921 1,19999992847 1,75 2,54999995232 2,54999995232 1,87999999523 2,50999999046 2,54999995232 2,54999995232 2,54999995232
0,319999992847 0,989999949932 1,74000000954 2,06999993324 2,54999995232 2,54999995232 2,54999995232 1,84999990463 2,54999995232 2,54999995232
0,319999992847 0,449999988079 0,560000002384 1,37000000477 1,94999992847 2,54999995232 2,54999995232 2,54999995232 2,54999995232 2,54999995232

